4058 
2233 
2981 
3718
2953 
3601 
3525 
4316 
1605
349 
12 
3399 
331
43597
23046
9837
38561
46689
36409
46692
9681
4175
26104
34673
-1366
47658
44277
18626
39152
-4253
39182
-4901
11332
43938
7898
-1630
147
34426
-129
-1983
5919
-1482
41185
13491
4867
40076
27012
11795
5499
3073
29102
21468
34014
1289
48670
2727
43811
3476
37554
42208
44743
39085
13161
8773
5875
40092
28390
11193
2050
40571
31979
32967
49899
13817
31333
7147
34083
37331
5629
42065
8573
30578
-4943
18064
35303
8202
41834
36536
2295
22526
49431
11797
10092
24111
43873
10315
36862
36384
38335
47856
17510
30328
-2554
24740
18337
13035
17390
36525
27373
-336
13174
8366
12711
21091
31946
16753
34924
44371
18025
9458
-618
10035
22455
7890
-3850
2902
8701
41105
-806
2321
38506
34632
32304
36716
27295
6833
19130
25335
32287
29883
45250
10914
48404
-1665
4269
3206
1096
6715
28721
-2247
18792
28496
24914
-194
-808
-1808
17561
16235
854
6356
34655
42409
42995
43355
21010
30067
16052
13118
49982
8798
-3475
29003
42146
-530
9146
-1274
18297
36001
44767
16465
45565
15074
6156
37131
47504
14525
15966
28825
4916
1851
4962
35666
26678
30124
-1734
47488
2322
49244
4941
11721
25329
11013
46110
43370
19806
2709
40168
22975
34247
23346
13280
13042
9542
985
22589
3061
23302
33345
24011
42372
39523
39512
19646
41956
39715
24527
36952
12397
13855
38422
5372
-16
9203
-4750
23
19442
48047
-4250
32332
16634
16903
25711
1342
23794
17612
2096
17626
25461
31399
4515
29753
22508
7243
25674
42719
-1252
41628
37611
18388
-1111
3996
4298
18901
19266
23103
26542
47059
-2655
20776
28313
3824
44010
5011
25476
31786
45363
38906
22793
44955
10042
48174
38038
33894
11070
36900
14078
17225
533
34881
11729
23148
20317
33614
47203
-3947
8613
35811
40405
25906
47426
12282
21695
32093
6331
48237
-966
48118
1872
45077
40585
30972
39914
30971
25161
3308
39527
-4116
7887
31246
8490
72
28460
12055
7862
24896
6705
17148
17912
6531
5641
2683
24187
39110
-3136
7313
4089
36289
41517
44762
851
15014
45825
40135
22975
34779
12755
25290
22326
41533
35569
8407
4826
46455
23463
29862
28631
15526
34515
8226
36699
8850
10012
34541
24581
20795
14544
461
20858
27693
5589
17819
-2704
38423
-3168
12605
42366
19772
38126
42562
-548
34520
47335
22960
-12
23518
19344
15759
37240
35512
37371
20252
-4744
19797
37479
6548
39367
13666
32085
18120
20461
14359
36506
38778
33295
36289
12054
-2867
47767
49792
854
49806
-1180
22033
42270
43549
23409
34783
10576
33672
13867
40022
30320
23472
22148
24184
46236
14316
1422
37409
25641
28223
30198
16798
6817
39200
11503
701
32303
8159
47850
30508
10738
37708
23986
27698
27319
13687
37853
24428
1878
9117
17094
4770
46769
-2056
10315
2004
20801
26783
7931
21057
39262
2868
-3637
477
16216
-3712
37084
36877
-2280
34946
35506
24446
39383
28865
9048
3498
17659
44404
24028
48065
9197
4684
14526
20786
38243
1878
3896
43890
18408
33867
10750
37059
48345
8379
44812
25237
10874
28475
18006
7504
48704
46034
20659
44254
39742
42958
33885
-1636
30706
49003
8855
34784
31438
35765
19971
17759
25901
-555
31132
13764
33532
-1258
32975
41195
822
40538
37276
6967
28593
10569
6414
23639
25423
40596
29299
35138
5856
27065
48307
17469
7362
19011
28660
29242
44302
-3388
11459
21759
6885
-292
8209
46563
1769
45512
13465
-4136
16721
20114
8331
33975
11318
-4491
2828
31384
49650
-4431
32192
43745
17423
-4010
25177
36030
20954
33338
34975
17640
18311
15385
38764
5309
8003
-1401
2728
38664
35011
24197
1533
40236
3321
-4284
30790
7189
39188
3778
29746
5934
27138
27644
44835
29849
28064
18495
2958
31569
18610
7325
36947
28784
40197
47443
18452
21312
13063
16585
43935
-3699
10532
48620
7105
12359
-3476
22239
32813
31536
17525
5613
33873
42458
-2414
17767
12523
30860
4084
25322
11777
-2975
6889
29549
24771
7943
21487
19861
11145
-4455
27785
26600
49510
32785
11240
47830
20453
910
47663
12652
17147
1030
30728
-3786
4103
24672
4352
-4470
3846
46274
35827
8063
44827
-4545
-3724
26844
22937
14196
21569
18905
3123
24256
32433
13204
34934
27119
27031
14440
25148
31689
32073
6661
24452
30046
27674
22554
12029
29630
21107
32911
27917
23406
44086
25045
24892
43425
47798
17732
43259
33872
44389
-3903
36885
1238
6943
33259
6702
44854
33339
37099
33522
-2677
-2161
23582
15619
18849
19711
27793
-4321
44638
31354
30138
26037
49118
5173
37699
32077
9228
24743
31293
5898
8724
17429
37726
321
15732
4184
18254
32842
19985
21809
17885
36823
21188
1678
39920
41771
41849
48575
31856
-1936
34456
44991
28836
29007
40471
29723
15640
1156
48197
4600
49625
34203
22309
32163
42889
1895
27049
18091
11848
14931
6371
20348
21272
44416
34695
13253
30449
12195
23823
42587
36281
48005
14359
42312
16365
40151
15531
49200
40047
14496
48077
8553
32495
24641
23312
41640
13706
7162
40813
6540
40495
10564
8048
33843
27476
49375
24071
38505
49032
47978
21604
-2372
6598
33506
8264
3746
10107
44774
43675
170
43477
25065
4189
3981
35789
42921
2864
4198
12502
20313
41729
22987
27465
18591
48853
-2474
48621
-2750
28236
1847
27896
30358
19948
4003
40660
7536
35168
3822
49398
-4422
-4788
29510
35369
3167
10146
5051
33294
2924
2749
21634
40604
46201
8533
31070
671
8344
1261
-1020
33571
24635
14400
2752
7131
-102
39794
44966
326
29111
24340
38225
8887
-2007
30999
14137
10900
33192
-1267
46456
32468
40141
8487
15568
8291
23035
44140
41175
10836
30157
23656
212
41870
49463
15701
18620
30877
34805
36341
-3745
38584
-3074
43565
7471
40554
-1927
-4832
17122
889
37230
21144
6747
37526
16136
47248
35176
20722
48823
16946
15639
41329
41385
34448
-3861
23379
3870
43698
33458
44066
-4219
32348
12628
22813
7969
49339
35807
7815
30567
23617
32751
14342
35418
-1739
-2696
48068
23080
45871
18741
27187
21879
43255
37856
21950
28657
31709
38545
44376
32140
32936
15476
42786
-4224
8805
16553
16590
33363
-2288
-4154
48634
16969
3675
48120
17861
-1409
36537
1800
38817
5052
19628
45969
21290
45969
15736
7625
22159
3021
-2066
24039
38788
36987
26205
49448
46132
7280
37720
40847
13349
25610
1693
21863
35331
43558
49521
37249
-486
34302
46770
1210
19800
-4597
3302
21698
49976
36103
19799
28613
26212
4035
13156
4468
38684
8591
-4022
19276
48245
34707
12757
37874
41190
7007
41458
35263
28674
39260
18305
9566
1965
12790
43052
27241
12440
28405
3030
47787
44078
18624
25267
22833
16791
1568
-1508
511
43306
28776
25073
49717
17430
40858
591
13226
12115
27149
9573
46013
38053
49249
6617
38399
30965
-4668
5486
32361
-1755
43312
28311
-1300
46471
27504
21031
-1649
-996
42783
1947
5338
44388
45897
45273
40581
14502
3564
30284
-4264
1607
5987
-3166
-3834
34365
5995
37516
-2322
21558
32343
43120
26247
5765
17135
49829
36074
23844
41706
13548
21391
42812
3986
23813
-4941
1920
40651
20930
8025
6137
48853
35361
5339
43629
-556
11596
23968
10799
40056
22356
14825
21657
31564
20229
11707
3726
14042
27363
25711
-411
4854
7158
25041
-4340
7494
21956
17315
16584
41350
7769
7913
-3188
49891
47893
26965
12813
17029
22887
9246
18783
43574
39492
49644
49373
48011
46928
-1366
48248
-3332
7649
48540
-3012
-2166
11336
15305
40295
35307
23345
44962
32709
47543
40032
19315
-607
21251
18430
48858
-4073
4992
25445
48315
34043
8922
24166
14793
37725
-3024
-1883
4099
9047
36052
27346
39927
16316
21645
10649
17747
12799
7778
46820
29771
25933
8560
8053
-655
20172
36482
30214
24942
31291
-1602
2655
20196
13148
20359
48263
3491
4708
25612
28864
10736
4497
24834
48953
40907
35058
11439
14058
49578
23912
30002
41281
44614
33541
27517
26803
819
19478
11394
49464
23704
19147
25037
11230
11126
13966
30462
34577
43675
21914
32430
15582
23063
42623
41167
10905
4959
-2497
28938
18277
-78
33666
17708
14170
43148
40767
30270
7033
24584
10618
29505
45126
16985
3733
32694
4771
35814
11582
45178
41106
18271
45693
25236
13582
33047
41141
-3023
16008
10412
7520
21738
39048
21950
19913
4542
-4369
45627
36852
32339
17929
11826
22091
36286
31193
20599
12070
43090
18986
40299
33853
46104
1817
16673
11460
21585
24706
38636
43356
-1285
13291
46815
23782
2477
47609
46045
21976
26172
25506
26279
15476
41251
25402
13945
42720
39419
4859
-2533
38082
34527
-3224
4205
-4582
41271
19950
8098
48545
33566
24167
17008
13674
15974
5028
22029
37202
36345
11810
19130
2284
48398
30491
42762
6182
46391
31320
-4447
4308
42605
41624
32902
26848
7711
38046
40793
19127
39113
874
39488
6338
31312
8289
19516
12303
5598
19795
9913
25665
45869
26635
25216
45966
21784
49699
9017
16515
17933
-711
30336
35480
5714
32667
40745
40259
43026
24549
22526
5236
44369
19379
14728
16274
25218
12478
24276
38654
-2687
6259
48594
33576
8947
3984
21593
3845
-4308
11844
23034
25405
4821
31888
49844
32649
-2569
8974
12875
43822
542
31165
-2574
19221
7681
46878
32195
32043
33623
36213
8382
29509
42691
1712
33506
26540
28409
41681
43244
19739
19990
49622
2286
36001
1564
31980
16367
25090
23882
45427
22809
22460
14637
-770
-1458
32371
35526
34512
1987
6022
33124
40598
24793
865
13525
31222
30535
42842
29933
2678
43940
-972
-531
32638
49969
-2107
21853
23263
31485
49112
43693
21456
28111
8296
31085
11288
15568
24734
5910
16883
17295
22410
14283
29090
8136
-3376
2704
37077
38679
39697
4982
-1179
39716
-636
4415
36620
21111
49089
36713
19568
16301
36242
13558
36789
48848
45113
40379
27557
29498
2516
18639
40960
38028
-4426
9351
35941
31659
8624
31665
47023
-708
48679
7988
49741
24955
15961
45384
28170
37376
46616
41635
13819
-4324
6149
44882
38433
42884
36610
26706
20638
15344
25817
3178
40719
-4028
39868
15791
28754
4393
23780
32343
11902
11432
47559
24282
1278
-109
40047
42587
22653
19263
9709
35545
40349
41223
43664
30064
35375
20209
-1493
25347
38019
2407
5107
1368
40395
22390
20139
-405
22502
23451
5680
8943
3293
19890
39052
424
27528
-114
-1802
49059
1979
5920
20150
38467
-1428
27074
-2986
2676
19993
39740
8394
40980
23273
32828
6732
5298
20238
6326
42163
18630
29371
10769
23628
37010
-616
35803
28645
27192
37089
40912
46891
236
47888
22261
17085
-3844
-1725
31930
23065
12944
35141
30531
43785
44938
1012
27922
32189
49624
49548
-4681
34197
-1195
24673
45478
1873
12550
-2911
12131
38453
1050
22951
1022
2602
2362
30943
48319
48384
43564
1282
7867
-4924
35003
26219
42564
32204
31056
34740
27166
11407
35283
32921
48360
41535
36514
-2198
20950
15794
2548
24508
-1721
29483
21789
45468
14325
6288
24535
49154
29047
1319
5282
46418
2768
10392
48149
9124
45419
7481
27668
39414
25599
30146
47145
24425
13759
21460
33697
47061
28717
47375
20580
3747
4438
9845
11988
34615
40015
42939
-262
11294
44666
36494
9876
30910
-1744
32010
41550
46370
13233
9042
20940
21697
-3207
1451
7301
33121
34899
41642
36316
37385
15232
18550
22257
48673
9069
41375
10850
44381
2047
3227
42467
7548
22956
13277
19878
15289
45322
32845
4873
3737
43591
12089
17049
7562
45511
39054
21669
35907
21067
3829
5576
9794
-4675
21634
6741
7768
31508
47334
24634
34395
45348
30877
20541
33154
41642
346
21382
20377
9956
-4801
-531
38177
28356
-3802
-3420
4762
45844
28662
15250
635
41402
45868
21694
-4180
39240
22353
34325
31319
25478
12782
40377
23361
28821
43208
26928
-3564
46333
652
29915
21806
20112
10711
12605
29987
43419
-3953
16794
-4418
3453
-669
1365
25220
7856
46747
31424
36944
34208
44106
14856
48922
14548
11614
24438
7173
5408
47991
4094
32353
25901
-3337
3840
1685
27462
30279
10788
3574
24514
17447
43472
25231
20528
19883
35751
1309
6214
44162
48757
49388
36367
32542
35119
22492
10431
4914
49800
33079
6422
17516
-375
8454
15440
33632
26738
25650
2697
27837
35312
24394
30202
-767
11725
39785
28549
42879
34382
36571
33372
48949
49449
1994
12030
27855
32275
30538
35025
34459
16224
30803
12539
24886
-70
37972
47409
1765
21021
5025
42276
9573
-3129
15152
-2609
43453
45879
33059
38
10839
43658
27379
23046
29525
15923
8615
-4329
39684
41
35342
2011
871
1880
-610
20846
22586
41132
17159
24624
42628
22673
49234
9668
21680
33080
-4267
37984
9860
9795
13502
16546
39033
20262
11457
32104
21391
3173
5425
44515
37552
8836
14260
14369
24215
26783
34963
7065
8420
10783
44662
27367
49139
12165
557
12507
-2035
11310
-4229
23051
37758
36930
25989
8774
-2034
13950
14751
25192
-3795
45356
18354
16887
12343
47831
6449
26632
14542
17948
14163
38449
39404
46700
24867
17147
19658
17278
47643
8350
2794
9277
40685
26186
25460
43908
451
31314
5084
49724
41512
27823
45129
27973
38958
47094
27792
18019
-4718
47001
-3055
49619
22468
-796
30998
2084
21070
796
38508
20447
10498
37903
-3072
41467
45719
8665
29792
22512
37876
7811
40006
40195
49978
43644
47281
27299
18685
24355
15262
4816
27258
1773
39695
32393
20396
35046
15405
4017
45782
48658
1604
3890
49137
21428
7786
19900
11513
-279
26218
5011
47932
27610
24085
32362
39951
4101
41578
22820
23647
48519
40477
2399
6017
9660
40822
-2180
42090
37149
-314
17845
947
25766
23129
21924
18413
33027
31748
28010
20325
44439
16422
12707
-1188
39350
43437
-4318
26832
5148
3283
32549
22149
-4004
27271
19100
11107
23954
8342
7148
15041
31232
35115
6170
31923
-1762
14082
26183
21687
1516
37942
2118
4216
43073
17390
12552
12055
47136
48204
44752
9370
3094
43608
606
-2949
1516
48255
36330
5519
26727
41180
17712
24891
19667
38287
37180
27717
26049
29997
-1408
34600
35045
8433
49943
49049
24722
47669
24658
24358
25441
954
29570
19581
1099
6438
48861
27247
16019
24548
46426
9869
-2603
1541
44427
38839
37887
40679
36056
37707
9547
9769
30965
30328
40575
44811
-344
14911
32416
49620
20685
841
22022
44612
9960
43034
44820
34058
45454
38547
9893
16105
39673
26043
10221
33994
14003
27110
17356
30628
3395
30040
1235
39462
112
16834
37863
2648
23329
-4577
25800
6295
-218
41437
15921
25541
43254
48730
38504
34390
48920
38027
35445
6167
28940
29691
24012
23481
4186
16067
34436
34907
20173
41814
19906
3937
39037
40212
41257
13166
11048
49736
14187
21794
33349
19066
4654
15259
611
27457
28785
15303
19681
7052
45162
14738
47196
11110
29649
31460
3171
-2997
4580
41053
31669
12600
-278
20128
16561
45731
20153
26208
3951
17644
9249
35969
-1325
27021
18016
28518
49803
4941
43323
47273
17981
27221
24151
23402
30129
47551
30949
22795
18537
44257
15917
36295
5791
23911
18533
20811
38474
34359
36824
18432
21546
-257
28469
39077
39745
8743
13089
24240
8266
6627
2094
1715
47605
43556
42645
14518
25321
36673
5236
39626
39917
44303
49300
41543
17676
-1861
41752
-2096
46513
22469
8755
25572
22992
3944
36094
33503
45099
35343
-4258
49711
40818
21148
24699
18377
22037
38836
40524
5291
48476
48176
44795
8764
35016
26838
33442
40357
4895
25115
46329
26475
18519
39947
2113
39294
26168
29908
-879
39160
293
49252
18428
23286
-493
47934
41314
34657
9763
41290
14879
4716
42920
20167
17486
45118
33872
22033
32574
5267
41753
28418
24937
17462
44714
46026
40764
-3094
5973
-36
-4879
332
7977
41302
26922
7483
68
24284
14921
34006
-506
32879
40764
25050
4
19704
2560
26345
27644
42421
31506
26834
47262
23490
1820
44309
18979
24602
41773
24837
36689
23403
25925
11205
8824
39171
42644
26248
-1280
15711
9827
13074
26176
45139
3541
31260
43517
44920
45870
21558
49976
14415
33460
-2385
49620
13018
12846
9374
41507
31538
18812
42790
31342
26251
16207
25320
15522
38327
-4696
49988
40100
19410
23525
43034
37045
28941
30168
27260
9348
18668
2040
34859
27805
44890
27066
20201
31515
278
22624
11061
3125
38594
49056
7304
-370
28466
30325
37450
37735
41374
1524
35562
30307
13106
10538
633
38494
1733
28560
24744
11312
35279
28416
42074
1041
49792
21210
44688
27424
12440
38267
17614
14573
44525
33119
6805
357
508
17506
17830
15849
5805
-1144
19637
26272
30649
23272
18041
6006
31789
15586
44759
78
7703
42046
238
-1845
27466
21029
5279
39060
39191
27081
41543
-3205
27058
39969
46611
41351
26612
-1016
33218
45929
6237
1015
4142
2744
8633
38650
-2786
-698
6499
4511
32315
44305
21979
-2595
20150
36085
49194
41488
37830
3127
46690
16894
17648
23200
26146
7018
-4710
24289
2487
37627
45734
2524
29060
3510
-1834
49548
11973
10306
3203
5255
14025
45414
-4941
9070
33864
-2004
23625
46525
46574
47332
-3407
37081
37225
18877
-1265
47889
22654
4900
34003
49631
-4998
16615
45628
47440
37793
4115
20804
36095
32837
47915
4497
15051
2683
2613
18915
23943
34471
28808
7358
8533
28347
32864
44306
-3371
14046
1984
48766
21803
-3104
14522
-416
10912
19654
31116
14580
-813
-4347
48504
23836
26224
46188
38346
14668
18939
27214
27436
37603
30039
21559
24766
36848
33798
46584
39167
28715
42310
38582
11092
47786
39276
21550
35957
41205
23165
26238
19140
43185
48666
29614
5909
23278
4948
15671
27710
11354
18846
14169
3292
10582
1514
48352
31379
35087
32986
-2773
31068
49986
15483
34221
1418
19422
-2910
45454
12625
49044
8465
23478
36751
37085
5715
19427
39952
33580
9462
12017
36769
7594
22863
28108
33929
29415
-4187
525
37389
14449
26827
46086
-2753
16197
29559
45544
8685
27377
43028
38731
28786
33521
26559
7912
35758
25174
46145
16197
3645
22072
48289
-2591
32181
30073
519
-93
12532
7265
32689
12733
32626
38408
-3887
47660
24224
46361
28240
28954
29505
40295
31008
-307
22117
17652
1362
28209
11529
46259
1614
47361
33625
41263
-3620
24611
44560
3984
13322
46468
16626
8477
40085
49166
37449
26509
34927
41396
21532
7354
44567
33268
34532
28052
15615
18227
12752
16610
36386
18989
45816
-866
46740
2969
23025
5934
31071
31290
15373
30006
34739
25495
24873
32393
17823
14841
10260
20290
34974
12273
41850
6953
8261
9891
15835
24089
12115
3612
33515
1000
45843
30215
34889
37407
49173
37911
28404
14825
29652
8135
19665
12703
20031
38471
627
14736
18518
9597
-3713
9952
13568
-71
9184
4102
21585
-2247
17738
13295
32170
32474
45813
34184
32679
28957
13103
12699
781
-4934
45854
-3477
24552
31322
20674
39877
11226
16509
14169
12294
5081
23695
21130
-4309
-4289
24361
-1042
19748
-3550
48217
42360
4402
37290
1479
44610
33341
11801
40791
38166
29018
-2606
26255
25061
46435
28839
37847
24660
62
35809
43314
21101
26047
912
12750
9347
37025
14764
26642
40999
21543
30429
40473
-4533
8750
40965
19081
-2691
32533
27066
28771
11156
18068
19286
19813
107
11918
14723
24929
18605
9498
41363
29445
48790
9997
34153
49688
41526
4456
41273
7062
33895
9268
30068
16145
35439
36875
21874
33051
19891
-4848
10708
-2322
12665
23784
15168
18027
7821
41944
39673
41578
3831
2051
49084
35331
46322
43440
20792
34693
34030
47103
8619
27986
21133
7310
11529
27570
44181
13222
45107
25178
20390
118
28787
-2383
43285
31853
40333
19
33761
33000
9288
24033
3654
-1103
11280
14026
14942
12054
35359
2919
45425
9845
26819
45116
31813
28103
41528
25399
32541
-4397
1732
-3684
41740
38902
31742
13548
48491
26774
32747
49533
43653
29825
16745
17646
25811
2404
44216
6292
-4342
38642
3180
46100
46034
5952
27075
34528
42093
11587
38439
33821
48126
7271
35731
34875
40936
31265
14427
15081
6626
43694
44844
39163
8569
2435
29730
39822
49354
49962
-3301
-2940
27552
7386
49049
46888
19165
35249
-3437
48143
7903
19433
-3147
36286
9512
15298
47327
20586
-334
14524
13152
47838
8301
20772
40351
33992
27783
34322
5256
16949
42319
19176
4918
38366
16750
-4703
20235
18320
39812
1672
47424
20815
-4548
25275
-2503
35249
48785
5116
2505
47042
13791
-3590
30972
-4910
47037
27944
6902
30380
10128
49104
24134
13988
32648
10150
34154
23693
49858
46428
35867
19609
13052
8564
29285
29154
26495
10612
5545
-1091
2616
23059
25057
45902
21331
32841
20616
17178
31640
28182
-2212
23443
47724
26760
42534
41874
27675
13470
43358
25584
32294
21766
40923
32335
21410
8734
38037
37688
21174
17682
9863
31198
16934
5541
30387
18204
36123
3451
22973
47921
38183
30858
29784
19176
-4278
16456
12041
18311
11576
19918
35045
40076
22238
46262
36891
13952
38614
14315
16561
43922
22406
43953
6139
18584
48364
5313
8769
-361
26280
21182
39405
29064
25004
24115
15990
41784
42791
45468
3062
26
6728
43441
49361
5733
22941
44875
11679
17288
1719
23117
24008
-883
10692
23132
31609
45440
9334
17313
28657
38329
-3106
17605
40414
21570
47609
21054
41904
-4788
44812
28406
13292
-2302
9060
47569
9088
7138
31057
-2132
22674
20954
39381
-2844
23453
14672
12724
37141
13153
26811
30728
13149
12729
12280
39458
17123
35442
13207
2574
44347
23662
-2199
5113
44381
35680
28284
-1756
8762
16114
1553
47790
45044
14343
24637
39269
49504
22054
22463
35728
45855
9133
16804
23857
1491
-4107
405
12621
5852
21635
37055
19464
44002
292
12240
43635
7199
15499
49891
42246
19043
42567
32512
47173
-3730
925
47043
29329
47034
-681
10264
22699
14340
20918
43055
25069
15448
-3967
47939
-1533
2191
44337
8866
38621
-4857
25496
30506
20402
15907
3654
27969
19375
48257
29936
13735
20000
36534
48822
33384
34670
38508
40508
22314
20288
23819
26095
27398
44358
49966
34587
49021
25786
-4818
5634
49697
19970
19708
29607
45160
24495
18528
13383
18741
10399
-3703
39926
7857
9319
14019
5751
31356
24363
33489
6641
22049
8121
8625
14178
46361
29792
29104
11745
3078
38568
16214
14823
29222
39734
47440
38288
1277
14960
27468
30964
28853
-2104
27147
22229
40373
30648
6166
32546
16169
-2832
4408
326
46762
12606
30368
44504
-3434
37323
20787
13769
39057
38486
19269
18129
49709
23713
29810
20898
24625
72
11937
47675
37501
45361
-3770
17331
21522
46080
2132
15950
22825
14565
4208
35102
9140
45828
44128
36542
49868
3117
38406
29330
37403
23225
2133
26453
15088
5897
8804
31869
16798
15046
22577
48878
17933
46955
17725
49568
41816
43835
20026
24756
32950
37236
11848
46880
18338
15581
40406
38149
9213
22377
39038
49592
16876
35394
49661
38186
21596
40328
26641
14758
11427
11935
-719
43988
38820
9023
44622
24079
41878
10201
23922
29266
42650
26465
44739
25673
-4437
34246
4713
-524
28052
19568
205
11654
4743
6397
33316
30066
45648
16295
-787
1463
19975
21808
16030
28636
1855
47200
-4312
10925
45231
-652
12137
45093
20104
-492
30428
15488
36935
46059
20489
38812
20836
41538
47034
-4069
97
3643
40292
3259
-667
-3147
43000
45707
4050
20734
13206
784
49674
-2706
20163
23833
26201
7368
13434
784
44474
7850
10265
8436
16907
25815
15587
6502
12336
9530
41141
33946
8596
5060
19070
402
25906
-4809
29040
-181
26214
18257
-2022
45300
27141
27053
13715
35710
45101
29654
38486
13135
19731
-4435
16618
15346
11694
11296
-724
38193
43040
11572
-3333
48081
34275
15913
23799
-1938
26813
38359
49839
25168
24869
36840
8939
12345
-1657
20541
-3595
30314
35430
4821
20605
29089
42334
43463
-2680
19945
29190
15832
31467
17395
46493
26436
39000
10604
17189
23487
36979
18028
36683
12159
11991
48616
-4760
49642
15230
31179
24396
-4376
2006
14456
3939
34752
16602
12825
6720
13938
-4418
35243
40508
20707
-256
20657
39272
-3020
44822
31776
1558
5340
5071
49932
30931
23447
41500
24323
28222
8614
37414
21444
8323
48439
17041
31171
19600
-3653
47264
3701
31353
27568
32137
49991
33958
233
39137
38426
19748
37962
49120
-1125
29193
22538
15135
19274
22524
25548
4952
7791
21476
31788
14167
11169
43295
27369
18087
4280
3144
24612
43682
20800
40533
45531
16818
42815
2303
7037
8952
35952
29043
34253
5606
689
16301
38516
22584
14142
38581
7764
17283
47216
18908
1271
19113
41379
10051
29806
18174
12134
42975
34574
2930
49017
35159
2547
-2555
31610
43413
38424
22231
3495
6723
35708
36000
37160
336
9406
27144
21345
2268
38681
43449
8279
6926
28852
29378
3623
8213
9938
32973
28086
16135
21409
-919
3147
17912
10669
-2013
10091
24624
47719
9955
17704
8897
16958
417
987
26136
42774
47823
20048
37432
48610
28101
39443
19891
24015
25166
1370
6618
10535
17329
13013
-2859
-4720
7154
47708
5700
22927
3222
29979
2722
31719
16328
8954
9491
10526
8505
25886
9720
31650
23491
38837
37662
-4715
14393
29204
7672
34803
49746
638
30532
16502
-3905
4738
167
44760
30689
49623
-759
41714
-144
11765
3771
12252
-771
31958
126
7118
-4899
26641
362
2951
-2637
41340
19065
12112
9040
22201
2911
-2486
-2326
1568
47843
7230
1544
18293
44716
44932
46616
43684
34669
2968
40565
44066
46479
19171
49813
-2257
42468
20603
14542
566
28684
7555
29848
7704
38655
46887
19591
48869
5023
38040
13015
25090
26667
42133
35596
16072
-1945
42424
16418
14059
40486
-3198
36673
4959
20214
12215
15683
40710
30615
-3819
-2075
34615
9668
902
22463
8372
39690
-3551
22214
49680
42627
37275
4372
34363
23639
43684
34139
-4898
6540
11331
18425
13036
48583
4975
24511
15851
47431
15813
4418
3691
11480
-1999
5562
185
21385
25650
-834
-2692
-1372
35628
21501
49770
28806
28529
10477
29716
22682
48058
223
19450
29545
24890
28302
5158
44141
33301
48183
6611
8965
-655
-824
1665
34157
39933
38367
12447
8180
21547
-1355
19382
-2828
22542
44901
37282
31188
23034
-2941
14292
-3232
31551
40827
36046
40982
22151
716
44438
46674
7638
36967
-1495
5391
7592
38905
49223
24411
32502
25197
44348
9443
22560
21941
16436
19141
13262
2425
31254
46636
45971
-871
1914
-1093
-364
16139
10464
34101
17980
27043
8926
48397
2400
9691
35975
16258
3147
742
20825
36794
21851
14551
18976
45889
29516
33522
48649
14792
-1227
42851
12019
6761
1961
26691
7937
2165
18608
34583
32955
46262
16792
32295
29074
63
46124
11426
-2666
-4189
12195
13807
-3541
17491
27030
7692
15869
26375
29307
-2974
17570
15305
34268
7316
15696
31677
26227
8979
40170
36072
-4694
16978
38476
41875
44134
47881
20773
36319
5237
42015
-2998
7934
30050
45003
22275
38396
3585
47742
3043
45726
22058
41129
28935
38024
-145
41681
24862
20460
30856
12062
14664
9395
514
18067
31994
46577
5045
41144
43500
2576
34720
14887
32945
6329
43310
-3836
38281
13534
28155
41669
36752
48149
1022
45384
12486
6057
27217
22977
30898
-237
-907
31986
28113
17838
42838
46972
36410
23840
20375
14410
13556
41387
5997
39640
5970
8651
27362
28866
11199
24623
48625
38443
19486
2473
-2460
19943
47342
6385
28907
19610
48501
34437
-3541
46775
8678
46710
31739
45907
45101
5704
-2272
5735
32915
12896
90
3815
21506
6369
678
19160
33838
49124
37399
43220
33963
13072
1789
-3682
38720
49557
24244
-985
12890
31133
34129
27695
33726
12159
23108
20014
22266
48395
30016
22420
23764
18204
40103
6171
48471
47398
14112
8104
39938
44835
15380
206
14544
25773
-3436
34472
48017
38536
9353
5732
33998
9248
30454
11738
35961
-649
8503
15766
40958
29699
1055
39700
28764
4913
47751
38134
12120
5528
33270
26530
17773
45738
14044
-4102
39119
4875
9647
23918
16517
16884
9249
29086
40900
14375
5901
9202
44767
20375
12055
21305
-4808
29712
49296
6091
16057
4792
35693
38100
12489
31817
40029
26696
34409
38206
-4516
9056
17177
45856
18003
11648
37908
19686
18864
32040
45443
44787
12658
28664
6564
43075
42693
45946
37651
-3820
5141
29836
1702
30883
23887
40525
36135
20093
7401
29921
7785
10860
12777
22043
22148
10763
7707
4736
43054
10978
10042
49453
36100
41346
5084
-1725
12594
5537
12559
33059
24275
44803
18819
42360
31263
9629
16592
93
41
13636
45330
45157
-2261
33680
26619
17942
45024
15755
9554
15834
47417
1848
33733
26060
38222
32118
34617
27444
8681
71
-4779
35928
12734
8254
538
40647
11915
49107
2108
26170
23056
8328
20143
15200
19832
40201
41259
18401
38652
25973
7532
28124
25536
-909
49549
32055
4116
16678
26789
42929
14237
24376
48504
41958
9554
-1543
28506
1712
27399
133
40765
17382
16058
47768
996
10092
16377
43299
45637
7551
11326
3349
4306
49516
29501
29914
41656
37728
6245
48441
-1595
-1649
8465
879
38120
14568
33187
20131
33858
39304
-2398
38092
36656
45462
45463
22297
44520
48034
45352
7818
2354
29968
12408
-1413
26906
3527
46784
21111
45164
35502
6597
11610
10486
8169
9646
31797
30500
33118
3507
27918
48470
1024
45656
47274
9777
12105
4832
44968
25642
48339
29274
8058
41954
12889
-264
31484
10274
45638
33680
48722
42105
26610
22012
18161
43776
35931
25901
46026
26544
27205
39560
18121
2168
28861
-2553
-1208
47037
24196
24217
22224
10644
42992
8764
-816
24144
6181
36275
5790
49891
32312
39813
9546
26047
38266
21654
-2239
36580
24789
-4397
27157
32574
48663
35791
47295
37567
26932
11255
10447
15265
26511
24320
24491
27948
37402
18181
6230
25157
26896
-1658
39724
11201
22959
18436
38345
27704
46140
46767
48554
45031
32448
30271
-1967
6108
37690
16843
40918
28656
723
20926
19583
587
30364
38024
11376
39308
32106
25745
24461
41026
-3025
43038
38
-496
-3462
17267
11047
1071
29826
9691
5508
29423
39389
-1016
40101
46944
30157
24220
47357
-4722
12513
-2561
47311
-2962
40963
-4304
8028
36724
36581
24685
5686
43422
38672
38734
40170
38815
48387
29816
13420
38838
38591
47462
8465
27396
42890
3284
3136
47534
37492
21082
8737
23396
18494
38441
39652
-829
5870
40498
12133
46221
-4860
13604
5148
38415
-3308
33546
7108
15123
39454
24236
38622
22528
43484
40526
11089
40577
15573
47409
15291
33629
-4667
13068
17276
8143
21493
8022
1157
26343
5859
20665
30842
3841
-2066
2725
38015
23588
25730
4642
35184
30074
24565
27883
-3955
45236
36495
2443
21098
1074
17236
20427
33946
45518
10053
4655
28973
7271
12625
10803
1613
23359
14693
42970
17330
36144
18627
27354
9648
44758
24166
28168
35590
41997
23754
46392
7054
7806
46050
30414
31758
2867
31943
9307
34259
14185
9379
9599
48435
7349
16146
-920
49809
12540
-1320
11012
26415
4402
45331
37750
21978
7270
43273
37560
22895
16807
20945
16486
30301
8337
21436
14489
18868
41887
26179
43025
27257
11588
26128
36262
11378
4877
8412
6687
31063
11897
37960
35347
41983
39165
26819
17919
44105
16399
-3376
29997
30342
20452
10021
-47
-3397
42316
12814
43683
45694
13007
5189
13749
-3576
15493
38580
31508
-2683
28019
27897
29609
-3010
2160
44198
17340
23671
42495
29486
4600
28377
49216
41620
49750
31430
26454
49856
6090
2596
3702
7611
9480
38642
-3960
10243
20731
-527
27183
30018
31991
17212
18962
5085
23051
42341
4155
-2839
44883
44283
25837
37602
19449
1016
28427
44181
38100
12760
34300
37882
45774
16619
32182
30903
13657
7968
27047
12404
3966
42216
19315
23073
25085
20610
36988
31094
18998
8390
11601
22176
35179
21937
777
37447
11005
40967
7611
45087
3579
10595
20260
18173
-2553
171
11117
39702
23290
30033
17689
5310
7548
4064
10799
41505
9527
33288
15574
17408
35409
14230
34535
6232
38491
18627
19021
41220
44340
44673
21215
49502
1479
10045
31225
1045
25130
24182
19207
38000
33355
12172
21969
48243
16279
12454
16460
46041
30192
28091
14570
32849
-4471
37116
32060
800
31504
-308
11922
-3639
16570
31164
42893
8455
19784
-3549
8054
-2237
-1706
5533
9798
17699
17659
6580
29969
35232
38812
41835
29295
27570
46627
22340
17163
9398
22816
27898
3908
5367
15618
39250
28910
-4171
21725
26415
5517
9828
49141
3344
49587
14947
42197
14293
389
20989
859
38507
122
45087
24351
43388
20133
10955
46750
8043
6870
10428
-984
16636
40487
11653
4548
20529
20780
47272
28054
13460
19005
487
27359
49257
-637
5303
32494
32050
2727
44072
46861
7789
31675
47645
14870
25846
9623
40639
24719
7768
41541
-2302
11421
25877
18373
5165
-3961
36231
17045
-2783
6900
22033
19704
-343
25178
-4981
46563
37438
14244
37915
6885
-4756
-4738
20204
-1169
5954
16182
45790
30804
18826
7270
-106
24513
30733
35679
14831
-1988
5504
6388
30447
45782
20521
17349
22687
49048
49263
20799
34501
18375
30860
36670
14205
21372
36930
602
42066
9850
31564
10768
45904
35774
24385
33246
593
16673
43098
8736
49684
14847
48278
11064
41641
-1195
46149
24100
41619
16490
46697
-2910
43974
27028
17187
17112
12756
28664
44326
28146
17018
14016
67
24108
34021
16899
29925
28268
25556
45175
44547
15927
1697
1633
27734
4861
35845
41892
19276
25869
1492
36438
10344
14310
22043
38546
20477
22847
18985
-2196
12223
35655
31732
13040
41259
40302
17334
25647
1126
34240
-352
44192
-3412
11550
1704
30286
24868
43638
8323
23225
15771
12928
18749
6853
-910
-4493
47711
44
38928
-4784
40960
31156
36072
24681
-1786
23354
40686
10475
17117
18363
9366
25146
1303
42466
17776
22461
29125
49562
-3842
-3803
-3050
22633
34136
35129
4595
48799
-4147
12997
7805
19065
-1236
-2473
20482
5770
-1846
1748
16380
2742
-1391
24837
45493
34707
4990
45213
16786
40094
10681
24002
47816
29949
35169
30605
20306
28970
307
45110
1544
31334
44055
-1658
-97
47032
31638
3334
21645
46320
15794
29578
25465
9397
16214
-188
36745
13171
22020
46489
27212
32378
2584
47253
43551
25711
39936
43535
21803
29914
47734
7670
37569
34009
26211
24130
31973
19349
13723
13089
18156
35948
45448
31423
2502
31196
-3580
21439
40901
2352
35002
26775
15209
-4338
23911
22486
47765
33294
7567
23804
45121
20866
11211
-4506
6825
27492
-3043
4324
7444
44414
38360
35032
30794
11397
21845
33434
32104
15693
33570
-4973
23949
6013
31824
10556
45436
9853
27274
7865
34754
8320
17855
30343
44673
48747
-2804
23550
20037
25497
14505
17619
-2388
41461
226
-2438
44342
15776
30423
31226
10925
21820
48024
40803
10825
29028
-1981
13543
36621
21818
14927
24369
11840
32827
29980
31242
2072
6068
46127
28575
941
7212
5706
47610
29186
40413
34652
2677
26507
38392
37260
31043
21728
48717
38989
40182
26865
28064
-435
10947
20617
47572
33816
-2034
20326
34752
16322
4133
-3019
29850
38355
39579
9153
44791
24548
9039
30721
30722
31293
16799
36961
14706
-1634
18216
1242
-1931
21952
34798
46208
12808
43550
13630
5786
15968
43455
49457
13659
19617
10305
43712
1292
36840
25977
30762
27908
14728
34697
-1327
29638
1300
4078
5479
42516
27539
39557
46916
9718
21858
10785
33772
40554
26920
41199
2905
30487
49280
43934
40064
-3096
25832
-4392
31794
17962
32268
9730
26735
2051
33022
38523
4380
45431
40610
40107
43202
28159
35994
24199
2408
12019
9955
6227
14460
6191
34608
25791
27462
7358
-761
33225
33073
18585
26946
3224
14681
-4527
23837
31591
34195
21753
39460
-2895
28963
-2454
24770
19119
47780
38782
43728
10538
15556
789
35243
-3301
47181
-297
24648
13256
-3935
15743
34570
11165
28843
15742
11305
42960
44488
45851
19210
1545
-2414
10255
22481
17759
8314
9096
38355
18053
24439
13678
4043
46889
23763
29104
2128
25569
9895
1991
28854
426
47334
8509
38856
23512
27967
13826
48206
32975
-4653
27722
32356
12188
7231
40639
19697
23444
9046
45494
28745
17809
370
-1397
27768
25423
36309
17444
18351
22345
41891
40585
13780
-2414
34302
46765
12249
6591
31700
33316
45301
28466
39061
34519
44602
46663
7777
38189
5832
40542
47345
-4049
42046
740
16331
43093
3309
43208
30456
6368
11220
46071
47913
40982
29559
43672
-3607
22185
38226
44967
3903
-2554
37480
-2592
38794
43908
2375
7093
3276
25330
23849
34362
15331
36852
35453
-2453
7120
20747
22732
4228
16642
35001
21374
34776
-1311
35973
32541
32116
12969
-3333
3617
36262
9931
42643
19506
17349
36650
5103
15595
42417
13123
2419
34837
23341
7645
11289
30023
32976
49570
18193
8420
-596
18077
491
44764
49008
-2070
44208
21039
7950
33408
-31
-1231
-2282
17976
16419
37040
37416
-4060
34581
44093
4514
42735
8385
43078
37778
4589
49558
25865
1941
29369
48571
38595
46524
27078
-2492
40101
2691
45506
29523
48388
-3972
26541
-1238
37597
38347
41353
1635
4607
8464
43188
45561
15038
7171
10780
-3358
-3471
29612
28438
44186
41766
6467
34954
8157
6284
8000
37054
31015
27037
10362
24348
16629
4495
11681
7156
4862
33460
11987
15688
20708
40881
19757
11238
28187
4745
10302
42260
1606
12549
-396
27981
6155
35431
45006
17551
22251
23046
18619
4893
18830
40096
36969
-3559
39600
45757
8705
29755
15234
17293
15420
38170
16760
38688
-440
33135
19880
41847
38003
19550
17420
6037
37686
46133
17782
44062
49611
23952
30682
-1492
-4345
-2682
25495
36806
7974
32946
47406
